38371
31079
68023
35279
3943
17509
79181
92567
16057
71761
39719
69061
98963
8521
72613
73277
24749
6469
21317
35201
84017
75619
587
20411
58147
49009
88463
20183
37123
577
98993
6947
58661
24137
50891
36857
17351
46933
42899
96517
4877
2971
1381
77317
20981
91703
93701
55547
22031
66853
72953
89599
99401
92671
6917
60961
63331
9803
39953
30103
2311
89417
631
32237
677
94531
199
34351
3169
67993
43651
57487
13367
47969
39157
21529
34913
10093
27733
14177
93493
48131
29429
23159
47111
24239
14303
3691
67943
71233
56941
887
64123
54361
19973
27943
54709
36979
67631
48281
43399
41399
24907
7621
65287
96263
97453
13127
6047
23131
82207
59233
66809
57529
74717
17093
67369
12713
94117
13829
42683
88079
43427
32573
37117
20807
51551
52861
17117
48121
49639
32779
94651
72763
90533
5503
13487
439
18517
9311
19427
1009
14143
15887
28697
631
92669
23789
76963
61657
79873
97579
6299
7867
36721
65789
5843
63463
77047
64301
51581
99833
80537
41927
34259
17299
75641
56393
58579
30137
80111
809
62497
19139
79817
70997
26171
98897
93307
60917
80537
93487
47563
66977
65063
18869
54667
44809
61871
19469
3881
53
89599
2857
5297
15859
12757
65707
65063
89329
49957
40129
63857
79973
11909
56737
14197
18899
59627
65963
6113
80263
32569
90227
42589
63473
67261
26861
36931
79669
48527
78569
71171
41801
47363
70111
80233
77383
23677
82421
72047
52807
70997
44617
90023
73679
31379
82571
2789
11597
46261
15199
61027
45817
88499
33203
20509
193
41387
2003
36979
97231
39251
1163
15263
44203
79601
34421
42667
77029
24169
54377
43403
7883
51361
38609
79829
33403
74797
40709
11393
41579
13799
96329
96997
45751
5689
55073
93377
28661
57427
41681
51659
97127
63311
16747
49757
84431
34147
61151
81749
3229
85439
4517
91387
65777
83737
12071
32533
719
47857
4861
91967
32789
60811
11923
37201
20047
87083
90353
57653
9697
62563
3019
6481
29599
11059
60719
25919
49549
90847
13177
87869
55579
77191
12911
52561
83791
63727
99991
91367
97673
3803
4703
33203
30803
92237
1637
81971
60779
19543
57389
24631
48091
61343
85247
62969
10501
499
76003
38501
11117
2381
84047
15647
2621
17939
74941
52721
25423
9461
64633
13873
14143
97927
55441
48767
71881
4073
93967
25111
29167
23041
20393
76651
68909
26041
46381
21491
60617
65419
66137
26987
67349
94847
15217
15661
72431
21751
15991
41161
797
37847
107
62659
2593
56099
74383
52903
80207
43397
99607
42841
19543
5167
66037
75983
15889
27077
44879
19751
99371
10739
8741
31189
27749
18047
39041
55049
56099
95213
67943
41189
10459
3313
2269
65899
72931
9311
42937
4049
47237
61673
38329
31511
68399
57487
42667
88789
69073
98639
10799
53699
89209
72103
19687
80177
1231
26861
19267
4933
82349
29983
727
93937
7207
36269
67933
50123
96731
94351
3089
38971
36067
27127
71633
34919
86711
35677
81761
12253
23417
32441
10909
90149
23599
55127
10037
73607
87877
21787
35171
96731
23297
58013
5521
20023
59417
80149
87323
6199
66029
20743
91243
56369
57737
46411
84589
16529
12143
77893
5209
1759
12697
4129
49463
81343
6449
74869
95089
83399
98323
40823
53353
67411
86441
73571
8581
77713
103
88261
68881
55487
36643
17321
85793
64007
14657
9883
49391
81101
30293
47777
50929
75557
94307
10639
78781
64381
75041
7559
89533
64879
96401
25243
53323
80039
98227
12953
28409
91009
34949
57097
6619
87133
1759
9883
23057
82763
84659
32561
35851
6421
81299
7331
9187
34157
26737
9769
39983
64333
1459
17011
18749
11779
35597
38219
38639
65519
67427
16189
95917
71237
79841
44201
37039
24097
77867
42797
76831
83243
60727
54449
18301
6053
90289
1579
86293
95267
1523
44453
65129
5741
27073
76207
63541
4451
93559
33773
42709
4421
32237
11587
99371
81611
74761
64969
21019
61379
71399
63347
6607
6449
62017
18097
857
31469
6967
647
44101
43457
17443
15527
95257
62213
14249
85453
16447
94727
72533
21011
82811
39317
64901
61637
96443
88919
54347
15467
149
23459
27487
51287
5641
77761
94837
64381
54323
31547
33331
6967
7757
22963
56533
68687
21881
96329
66403
37573
52769
38611
36973
38861
78511
13267
53149
87491
71527
81307
4337
16519
61441
17477
62659
70853
44453
97073
65413
67577
86531
85931
44029
87691
881
6143
9001
59567
29363
35281
73013
7883
36061
307
14153
137
17881
58757
93893
70979
67993
79231
29173
33317
8863
35977
51767
57709
47459
1831
73127
51449
24103
88337
13267
26317
97103
27917
12011
67853
83071
39799
16369
50767
57223
72719
11159
30313
86069
93139
37337
41201
7523
28393
54409
27283
81817
94273
59399
229
27109
44179
44021
11161
20731
54251
56951
93601
46477
68111
353
5639
76003
91957
74843
31727
54001
27847
95413
67807
97931
60457
27073
85819
72643
22037
50417
84319
67247
72173
37699
58171
64717
1511
13537
49921
2311
53759
81071
47
92639
21277
79133
33391
61613
96953
38287
72481
88729
11087
87557
2143
97039
46181
32987
51517
32497
94219
82237
77999
38153
7639
54371
163
51803
95603
25639
97931
25171
8641
95369
29867
50741
57899
65479
81163
55207
87767
5227
20147
28051
65323
24979
21859
51521
3019
31511
84961
62497
1279
71069
66617
51673
32321
56533
80833
35251
87671
23071
16067
79433
13009
1487
25867
77713
39503
73259
35339
14143
23327
26309
81671
13259
30539
52177
58211
63977
62053
38569
39313
97771
54547
16223
95731
49559
27817
47501
80471
59417
20731
1151
61637
15077
61751
26249
82609
22079
73973
13297
43457
90821
19727
1439
29153
7759
77431
38461
60083
79901
4019
30389
74471
3623
34457
23687
14347
35863
4483
66643
84443
94727
33199
92671
46679
59659
24889
53639
19753
28517
44651
37313
14447
27449
7681
1039
57383
47779
9371
56467
9001
7823
11213
937
7547
97511
4861
23279
64747
30269
50867
79997
57347
18289
65719
31069
32933
27527
99871
76753
2663
54631
41969
20183
13219
34651
23143
37447
32491
39181
3733
87083
16963
88721
73243
70589
94427
32141
89203
30671
73709
22283
53617
67559
57037
10067
38729
93559
80651
61751
4283
80599
38201
62233
44027
44483
57737
25243
56909
35597
95071
17191
62929
45979
45361
91771
26501
73013
82129
47389
53731
1847
11471
92681
32603
53939
90631
96431
13
19583
9491
92243
69761
6073
74419
64997
95651
51361
461
47017
47563
14087
90191
20849
44623
92363
7547
45293
72931
27059
1237
97303
78259
2693
33721
12889
12149
67891
46451
15017
44741
69697
15131
27281
66161
54559
57781
69497
84179
61153
30011
84913
88001
16561
467
61987
9227
31391
96199
76579
13567
67049
84407
36721
90617
93913
25679
13633
17569
1553
85027
79423
9187
42223
38747
26357
30367
33601
39343
77213
25171
65983
67901
47353
19289
8581
20857
99367
3313
60637
9871
21727
15083
73693
92401
75253
57859
57791
77213
64901
44267
93479
28027
74759
6421
54499
24113
24329
6011
87719
83339
10501
57241
18439
69761
61441
34213
2281
1279
12713
12973
4597
93383
90887
95819
59183
42337
9649
69931
92413
27437
42433
81031
56267
29077
41443
71777
33203
64891
17107
66701
57529
47441
24097
94477
67709
25931
25981
22921
18379
85931
16333
37313
95957
29059
46757
79309
41351
12241
18539
3877
41507
89839
8849
45587
23143
70289
8111
34757
74759
61933
49789
74131
28219
6311
479
4933
69019
48407
44201
92921
50153
37199
91801
77249
63589
109
73063
41
66977
95021
37
4547
84137
22229
45427
10169
90127
71363
21839
77489
26959
97813
3067
67651
50021
59471
37537
8111
24799
94889
65267
93901
30817
31531
33613
18427
29383
32887
90731
24923
83
5483
22787
13999
6277
23753
95383
16633
6679
6197
72353
87253
44701
31333
12473
61631
51839
78049
50119
56377
857
16073
31583
93637
78569
56479
10607
34231
64811
98717
62347
91151
29753
77237
51973
26153
58613
60017
18521
19403
29311
56999
13721
60623
79657
57839
80039
93637
61223
20269
39241
94777
21179
96323
21397
33851
69623
2677
43991
46181
6323
20983
97927
51031
81937
82193
88327
38069
21799
55609
86131
4903
96589
85259
99041
39569
63799
9619
31973
37423
84653
64187
95527
17569
75181
82651
35327
19073
21757
23029
7559
14629
64019
34421
2111
32789
10597
89659
41761
15887
809
95093
41341
223
11483
76597
21929
82241
46829
94903
20639
40949
76847
48247
50033
66343
86257
1913
14543
64381
39619
62141
34543
34141
64871
87853
48157
52967
21143
4003
10531
77317
15619
60373
61091
2273
19009
17093
86137
85333
26347
42293
1559
43093
20849
72103
91841
71161
52057
24697
83911
94903
19457
40627
28277
98443
65617
89069
72073
24691
76441
73079
17291
35353
82549
67181
17389
92297
2731
1871
89959
7757
83911
14011
76831
63397
68059
64231
71167
67003
9511
38431
41879
56711
46919
48589
36899
72901
36551
17657
31277
45557
13421
35851
33931
20201
81817
16547
56911
50153
90247
3547
77489
36643
5107
67777
91459
52127
25303
21821
70949
5981
52529
25561
24977
2221
99643
37277
24671
53233
4751
97387
50833
22787
32353
77813
79999
24197
27259
95479
34543
31247
79229
23689
85717
86851
2887
22817
79423
81343
29803
86353
89041
47711
53051
88427
51749
19763
80789
48677
69313
60943
6779
3701
89797
87631
46103
39551
24481
8573
4591
84871
69247
95569
2971
73751
75941
17959
54877
23011
41233
42139
92251
39359
62071
41057
74891
24121
54011
67801
68771
31159
12263
70843
87793
49081
95089
60631
56269
79399
79699
8893
84163
73553
27737
75571
47653
99877
50263
56873
81043
46507
79481
60887
59743
7993
57803
15973
32299
20639
56747
31033
51637
34369
91127
24547
20101
8243
23789
10457
99721
14281
91499
57947
66457
75353
3163
64853
22907
67733
65521
37363
22751
2609
82219
33589
99041
30169
36473
93913
78079
89591
89627
84589
27751
79379
78697
97571
42017
719
42073
58991
74209
22303
87427
15391
33923
12011
87517
17791
19051
13709
21961
61343
97241
85247
38867
14341
92173
85331
45691
54421
21491
99133
20353
37547
99277
47947
93949
27253
19699
15551
84991
20717
34613
89431
51941
85639
20431
39461
48571
85903
38767
54983
8377
36809
11437
58579
78887
5503
14323
9397
60413
47623
95131
89983
87547
65239
88937
50591
48677
28537
85451
27107
24373
36899
39047
29209
14827
52249
37217
81119
83921
51577
60169
75269
54101
66949
53861
58579
55733
85223
57947
89977
41641
3259
1039
60271
44963
2803
67961
62773
40849
91873
12517
84199
75329
12911
11161
37361
23167
71843
37369
19739
95317
90203
65267
32443
66463
76697
52567
54133
23017
88903
85889
25183
33199
31091
94109
32381
14741
41911
16811
5701
55849
8263
7937
50261
58403
56909
53327
85531
73553
15277
86371
93871
65657
59281
32381
55933
58537
12553
80209
34183
42491
96557
61357
5323
99103
88223
42283
59771
8443
14029
94777
43889
80749
25819
6661
97301
89819
34259
65287
44867
55333
91571
37633
5783
87037
30703
66239
23057
98927
49747
15073
86413
90947
80071
18301
37039
15149
59887
42307
39251
19441
17989
31177
2423
5783
91951
50177
77587
95891
45737
96329
28393
55219
74959
27743
81157
14071
52489
89963
37897
3109
28297
70489
79823
24169
34123
18859
48109
709
19417
11987
55949
1471
44279
53087
97387
25793
84089
49367
30029
30307
34939
41849
6971
64037
13879
821
55967
1787
40801
14033
31957
5813
34883
70117
38567
49193
37633
94229
1697
49109
58789
52639
101
49363
64483
50363
69263
70981
44917
21991
68521
34141
18149
5443
36097
88813
81899
8269
3697
29383
691
72953
37507
57047
77951
39323
347
85829
54787
71551
6781
8831
33863
93407
49639
739
82891
51869
10181
18661
29501
31547
1423
34807
72379
43649
16661
12073
82237
7001
85751
92051
87121
89477
87317
3019
36527
80233
86131
92503
60413
82051
65899
93371
7687
20807
77369
36541
10067
89671
20287
76147
69313
1699
56909
87481
18671
43411
9817
61379
271
64303
38351
31039
5119
13457
28879
97859
77689
27361
22271
9067
20479
13669
80191
37
15601
4463
94207
30341
70583
61927
34981
26863
53129
15061
1747
3203
83833
53047
10867
79433
66943
99023
8783
3673
55201
37811
54679
80287
95819
85009
36587
37379
44389
26251
31337
92347
94819
4969
68669
98887
56633
4157
96457
16633
99793
3541
37967
12697
63439
2239
93997
18131
56929
55207
70009
87539
44381
87071
1753
42589
47137
78101
84137
16073
92143
251
44851
37313
499
54167
47507
31337
21859
21277
51517
95507
26513
76261
60317
15373
15913
60127
89759
24809
3217
37307
27479
21499
64663
33199
53597
62233
23549
41999
70327
82073
89413
42577
95801
84061
52889
24923
55201
39563
47143
50459
9461
66889
35617
61519
52223
24379
24379
69371
3677
66749
38039
94463
23561
70849
1567
22543
81677
51341
2477
16829
70393
4733
85691
70549
35089
20359
60887
95869
56377
16691
80447
31063
47947
95089
35851
94079
88741
36857
76253
26801
47711
14411
93479
24517
9371
62873
179
84629
56099
55339
1223
21191
20219
4973
41201
39499
29437
84533
71633
24953
37537
99643
18367
10861
11353
8783
78167
84977
77339
14669
93601
23201
65557
4621
62983
73369
29243
93169
79279
36767
89599
78721
74653
66601
72221
32587
53017
42257
239
56519
1871
57781
94099
39979
72089
81013
8609
39163
51193
47363
41777
55631
72047
82189
17041
93911
90481
35591
37699
26699
12421
37021
90053
91673
17509
82237
40253
70687
95773
45289
27743
8369
17389
6959
28571
6637
96179
38543
383
76963
34729
34421
87277
22727
89071
17683
98873
58943
1987
43391
56773
59051
51361
77431
70571
86729
18059
55603
81943
11807
6607
51239
84559
41603
83059
33751
93559
20389
63131
46447
92383
44621
35797
383
45427
86959
49927
39901
54361
23021
18679
94111
24421
12763
61559
859
25013
45943
22811
44797
62929
62687
99317
80167
2797
80803
99961
28109
56039
9439
3967
73613
983
48779
307
96337
44687
10159
41183
13619
37201
26737
17627
73709
45491
23537
21193
83401
91283
99401
96557
41687
55487
27407
59621
82013
74071
78623
11497
16747
12641
14153
4091
11953
41057
55291
41243
93047
63611
15401
29327
20887
24239
30649
13679
16673
91951
41777
6263
52127
20023
59921
27701
38903
59879
54413
91583
99133
14771
11617
27799
86011
88001
30893
46199
73013
37019
1033
14797
37897
6983
41843
25457
17851
64171
75217
36847
45503
62143
30403
11059
50047
44267
4441
35401
52837
85781
93323
47717
68447
31259
86509
5179
90281
55333
29221
43331
8191
17189
54011
1801
22189
16993
71527
16349
29759
58687
44279
2027
66919
46183
57853
20857
49223
77369
74383
94063
29599
72551
53699
241
34651
66071
96211
88793
82699
39659
84317
45631
36923
70901
25841
3691
28123
2371
55021
39161
85247
58979
85313
34847
92723
4297
4597
39341
30517
40193
71647
97571
27059
73823
95369
99139
19231
44059
6037
19237
4597
68023
80849
3413
14683
14831
24223
12119
37567
99149
84181
34841
82009
83813
51503
68437
70621
81197
6547
14387
54001
66499
56437
6043
46573
50893
641
16477
98897
62701
56167
8429
34543
37273
3527
11
55207
1093
56663
51859
29527
55249
32327
94687
1229
79063
17989
25867
31627
56093
56519
41849
81101
82549
29989
25169
80963
45971
75541
127
75883
51839
3169
69019
34589
41
19583
24499
27449
69491
74363
87767
8089
87643
17207
23327
37097
99119
70717
27457
39869
88339
26309
64109
87179
2417
21739
83207
95959
84761
53891
54217
50423
76801
39367
17807
7393
35339
16253
34297
54083
37409
5471
98377
4999
21517
81131
42403
13469
84121
60703
76883
50551
52967
29837
55399
84659
21227
37691
5443
11927
76871
41161
70489
52051
22367
97103
82793
14653
49613
78839
4649
54499
80513
53269
17099
95971
46829
67931
77479
63397
54181
76631
17159
5881
3793
75437
1451
31319
49853
12163
77711
82837
74279
97943
90583
20743
58207
46691
20183
78311
98081
52103
60937
39511
83047
23201
76777
787
7349
83357
19727
7027
65029
25111
21611
8467
10651
93169
7741
13163
35059
22159
21317
38189
16267
75731
90227
86771
42209
6373
55721
98269
617
25939
48353
9277
33623
75289
54293
34667
72313
72643
21803
16127
87011
74413
15737
4229
86017
78823
13613
20921
29311
15773
38237
53129
88079
76801
2579
4007
26423
67979
39821
47981
96017
85733
87293
6883
73943
83117
87811
44389
55441
26903
26267
84589
18089
28793
11069
66103
75161
37217
11411
569
17471
15427
90239
14423
46399
42589
99233
62753
64081
17827
36187
74353
37967
79139
59011
11173
90749
68207
38177
85037
14197
67061
81071
27103
65089
2063
2917
91841
57923
37507
91009
53993
51349
11497
62939
79337
48337
45329
2797
14537
54877
87223
17377
78919
91381
22039
96697
18503
65647
76463
14143
38371
52639
10733
47041
95773
41399
58787
80513
87691
38567
12547
17183
73421
42013
78301
31051
7129
59471
43451
93199
30859
79627
44711
35897
21319
37567
7841
25609
30781
55603
47269
10429
39233
8923
88397
65677
57917
72733
88867
2503
27901
2281
99013
75709
12911
22921
95413
42283
54319
94421
61627
11299
50503
47533
87403
90379
27743
98981
87991
42061
52237
14149
12721
15373
32917
1459
41179
57059
17929
81031
14549
58601
66179
64217
9151
82531
29339
3511
13297
92179
72671
71527
42397
6619
15629
73693
37549
15887
95747
1571
85513
14621
28603
68743
40699
82613
42283
60659
23081
20549
46489
49201
34501
44029
59333
20903
76829
75991
78809
43853
58441
33181
96769
40153
45523
4021
72859
5477
29473
50777
72089
82567
80407
27481
2689
71807
32159
45869
63361
50129
67433
58151
463
59693
19843
50093
22973
49363
27773
99409
65867
80911
43711
26729
78691
99391
8821
10979
40277
81611
81163
88177
73063
31337
78607
63599
89381
60443
37189
61861
12757
25747
72367
24623
27733
53857
67399
57131
74521
38231
18269
7589
69763
78347
44027
12011
68113
6689
81173
15137
23509
70951
66041
78901
14411
37853
21647
62299
4397
90023
3499
35257
46073
2999
73751
93283
72019
46199
97367
96797
94693
56489
82349
14851
24859
64513
72421
66593
74831
37493
72949
44657
13291
83063
35837
52963
6211
71263
59051
17939
66179
12589
93241
19181
27691
39451
4547
53233
55487
53149
6661
47293
89563
46181
6599
80953
10009
60727
78553
68771
23021
89363
93169
67589
9403
77951
23833
90407
55441
38567
23687
56891
82003
53077
95203
59747
35809
48341
25303
26591
68813
32321
60373
11261
71089
77509
81421
24481
29573
87359
12251
81553
21013
40459
46073
75629
43607
91141
68581
41227
89603
14197
95267
32083
191
49307
18911
82219
14683
3821
41341
32801
28793
12601
72073
92459
80473
89923
70951
93967
71341
39343
15149
7873
51853
70639
80629
41413
99709
5843
21433
70373
57301
66749
95539
53731
55871
4493
46727
73133
15349
6619
3701
49391
42649
23417
19843
76919
4021
75329
4219
72047
197
11287
9293
7237
91297
49463
5711
95581
98837
77417
9007
70991
34253
69821
33703
29401
53849
57073
11689
20261
5059
36943
60103
71147
26423
70067
39229
44683
98411
8269
48869
23291
38671
55621
95327
18233
49109
36451
69653
82009
69911
53959
22993
59951
30089
85247
72823
35117
15551
6719
74567
24989
6449
27103
55217
72379
96907
89681
9173
36923
32687
66977
17047
77417
71971
4451
37853
77899
65551
51383
997
16729
35201
61717
27551
46411
65827
24527
79943
86209
35053
42187
44893
30517
58937
92623
98773
90583
89753
70111
66037
24793
48647
82171
59149
23369
92311
72109
53617
96157
19531
15923
43271
61469
40289
35089
43151
82393
72221
6199
21767
10259
26777
68483
26161
56599
68059
45533
46181
76091
87833
34913
81083
17417
89269
30949
91121
89867
74729
44131
79031
59063
80897
5857
6689
27983
30971
75533
85711
6871
95203
78139
3169
53653
56501
26641
15277
65839
4673
76303
53897
16843
46183
41413
28571
88997
47599
91423
72643
13151
593
74383
28201
26479
87299
78101
69193
41051
31517
35401
84067
64513
90511
89449
89237
28949
6857
14951
17431
63443
373
49939
63467
40351
80279
90529
57467
7159
88411
3011
52181
33863
26947
92699
7333
95441
69193
66463
39541
3767
24977
12583
71899
11887
83443
9473
76771
23753
5003
22973
50291
37061
99643
28751
96911
75503
90289
71023
48571
5879
6911
42043
40151
49663
61687
69623
78203
7603
80657
19841
18583
72139
90373
34729
48871
41801
62017
63353
48313
3691
2477
12967
8009
85237
23297
61667
98269
69151
42677
30829
3539
46649
56503
99907
7573
86197
21191
61729
30661
2953
89563
5659
7517
72503
26701
25603
5903
78781
39929
71059
64997
49499
89909
93763
86117
48281
90971
46411
15959
21617
79559
70111
5009
19379
79397
36691
28219
50131
86837
43487
80273
89227
22037
9043
8443
53597
40879
40013
64969
94907
79397
17581
44383
4003
32143
83609
40099
51257
93893
17093
60251
84533
62701
97561
12763
51109
4729
87277
2003
60679
13691
36299
23971
17729
1777
20011
23203
95569
46307
60259
37217
79259
9511
95261
34129
33749
61559
5791
82561
96149
41669
78137
82153
75377
77699
26951
79139
353
82499
10883
34849
49297
24379
95143
52567
6329
83813
89209
32719
32429
14411
56821
23689
32363
20929
67339
90989
70117
89363
49157
1381
11941
13147
50051
76561
84421
22229
19843
88721
44789
3217
10513
87181
76753
22963
21179
87613
19427
28351
28463
17107
56377
72211
49463
151
32801
97157
55849
17383
43441
557
71503
68351
96059
66947
13007
63031
60251
23557
26627
52721
80233
19289
163
65839
94529
86117
69661
17483
3371
28123
32377
23173
64693
12211
71293
96857
53003
36209
25301
52561
65617
61291
83873
4703
64439
16033
51563
21247
48311
99431
62273
43891
86837
60353
94613
1409
37501
95561
52627
2633
4373
13597
64499
19301
62219
93151
47819
46061
95467
88657
26729
23057
34319
76757
8581
95089
2999
57493
78059
29023
90647
50387
57329
23719
78311
27241
43019
53507
12917
82129
14923
41047
86249
5333
85711
56149
59219
25171
35149
24443
95707
39047
60041
17837
26251
62591
8171
14951
60293
49477
26099
55057
75781
12119
96097
71341
92863
51817
71287
83431
53951
79627
41131
86533
24281
5639
49523
86587
17341
59951
13679
61981
95443
19463
53783
98893
68329
18743
28309
4567
5869
2879
44357
24709
2837
62207
70619
43661
96043
99551
41983
16691
10771
46723
16111
50231
9241
88379
65101
76081
50321
93229
48953
85523
13043
79481
89681
89513
84467
57077
52321
55051
40867
85193
50671
41617
76003
8563
23549
9431
47287
92957
73417
74357
80747
65269
99989
27799
49921
66721
70951
92639
89413
38711
6277
28277
7927
18427
91457
45943
49037
3847
5237
78031
4421
50839
5851
67523
54673
49307
50839
98711
63059
99817
67043
59359
59011
68219
72341
78121
69821
99277
65521
47513
34843
68639
2087
79873
1087
38461
8741
37547
76991
22807
35051
55259
25579
4051
76231
69593
80209
56453
1213
98453
97919
94811
65381
53089
60913
35677
47917
41381
69379
46573
91967
51487
58477
8311
27259
31139
2293
34667
35423
62299
57457
77813
25073
94201
1483
83617
18199
85607
98869
22531
62929
81649
12203
63103
69191
87421
92671
17669
21193
64399
24113
69371
71147
25183
88811
2411
45587
45503
9067
6473
4483
19421
11617
86579
68891
193
98893
32917
21139
93949
18959
13829
35089
41981
94747
77171
85201
65563
47431
10259
46591
22109
41647
83617
32719
1481
69383
41911
29269
51647
50387
99709
33871
53077
18541
70663
76129
22877
72251
60901
95087
52999
2113
16603
83177
97373
1039
16729
15901
29663
71333
37567
69341
23747
48751
4217
93971
19379
52081
61781
76871
5651
21487
32059
87491
15107
70111
43003
33073
73379
8513
67211
31237
98533
57269
59387
81013
84229
27941
36979
74383
24659
65183
29303
94063
16127
87961
54617
27211
12113
27767
18701
86249
50377
24181
81853
87121
12037
85627
3947
22679
48271
15497
18181
49211
9283
65687
63199
75323
44273
64613
22807
29411
43627
37547
19163
69809
59999
54311
68371
85597
25247
84053
39359
29179
79817
54497
42487
21377
20899
15451
73039
17231
70459
69767
67343
26177
70001
31849
56591
55931
79943
22679
80407
48787
37987
9973
50909
95549
38177
17977
45569
9533
44279
20947
33797
74521
76943
11087
95707
60607
25579
49919
2399
20269
90089
18793
1811
41719
96779
26357
12289
51899
25409
42643
84443
89779
51899
72313
29347
68041
99137
91673
19423
97
18181
62473
73471
86711
47087
16691
94111
37591
37993
82421
859
38333
48767
53069
61909
74771
58211
34667
1741
34259
70657
10499
60919
87869
30671
211
64817
96401
46549
11867
53791
51683
25189
44587
20393
66821
65353
79063
75989
12973
15991
3251
20731
30971
41729
90191
82193
8731
5503
12239
34781
4759
27941
54059
84017
55721
98467
57829
4549
80341
84377
49201
13163
59417
97777
21961
79187
14923
67289
61297
41467
33599
49877
22093
70439
57163
60793
60689
50021
87869
47111
66499
6719
8423
95153
62581
80273
4483
51827
31139
3923
25939
8737
2659
58229
35897
6703
40459
41233
87583
47809
79279
4253
55061
50423
8753
35677
79039
47293
15901
34549
36251
33083
65867
18379
59441
33503
6967
89491
2677
99079
11779
56081
44257
5897
54539
30713
42709
59467
14323
3319
44641
8893
16361
24443
42737
39623
51941
78577
10883
93329
40253
24509
43721
86011
44617
17417
9109
12037
90187
59009
35059
397
22541
98929
4523
34213
10891
15733
3863
16831
45341
46663
4021
92203
36583
68489
19387
74017
52627
11833
31153
91811
79847
8783
89963
18443
27647
66571
25693
27259
94793
25841
38699
35569
90187
72727
23929
14489
82139
39791
97511
95339
19471
95947
30313
88463
26777
43103
15649
7229
13619
49681
64579
26699
40591
3803
613
81463
51817
36109
60139
57203
69263
38891
31663
87151
18191
52639
80701
83639
55399
80513
72229
39461
66107
90019
99349
61519
2293
9901
57163
35531
5801
1871
56437
17519
97849
29339
48751
15271
48163
8839
51001
19949
46141
35279
11
83617
50177
65731
92203
87221
44641
95923
46861
68071
14479
31771
38747
80513
4457
3769
673
88427
28559
34687
48593
20507
25933
16993
75169
76697
63857
41983
27581
15031
92489
26449
75337
83843
31699
77867
53759
84199
983
46817
54563
44879
19603
40169
2143
19213
46061
91381
31379
77351
59281
28933
75029
13229
22963
44087
28649
74149
35533
15277
89671
64187
59021
26953
53693
88301
91867
27617
13721
25189
89449
90907
2083
57077
1619
77347
78697
68659
47807
78277
65111
67993
44789
13417
99347
19919
31051
53279
42467
6329
74311
60961
38723
37337
35339
32089
94777
80141
87631
27901
17467
4091
10709
71437
61547
88261
6551
38861
2741
16693
7937
49823
56393
84467
33889
40751
33937
7883
34403
53951
23227
62819
36899
24547
33749
68473
10733
51001
17231
61343
87359
67993
99643
72341
67187
35809
94447
93629
5623
12689
93529
61343
26561
88793
29153
12671
92107
8467
26249
1559
11423
99173
17497
65827
13217
88997
32909
1559
35753
12473
60793
16447
72353
76907
6199
23291
24809
41617
38737
19763
11047
11287
6271
77839
35879
34613
53353
67751
46073
23689
27689
14669
82793
40559
52501
84263
67867
13451
25321
83987
40801
44201
24281
76147
42307
12853
87481
75941
82567
15937
89303
53279
49451
91757
61511
24631
44879
55127
86137
2731
56527
33577
74449
55079
68687
77689
58963
47699
8461
17489
74027
1453
94603
1811
47381
87631
8467
61637
48541
55787
33961
49891
79399
47819
4673
91097
60821
24329
79829
83417
98669
96211
86371
77003
65929
24083
90071
65293
95569
70379
59693
2239
31121
13513
76403
91781
74821
65599
31469
68917
78541
62423
69763
54409
73783
98257
37649
32029
31177
86959
12671
14633
14741
8821
34961
2251
42139
277
65519
93949
59707
57791
11149
64451
91529
53549
84199
35963
12703
51893
83843
24371
9929
73771
829
24659
92369
37657
1613
21517
68261
21937
40763
4211
90749
69941
66529
69763
93113
85427
20521
19993
69431
75211
20287
87443
64661
77551
65981
60793
43711
26339
95143
4057
28283
87293
20903
13591
95443
49537
26713
92383
7607
64381
80447
31379
31277
60601
82729
73189
9391
65239
41131
20639
8783
1483
7523
47123
81701
67343
86959
41579
29917
49993
90631
5279
26729
19447
33893
19841
23761
46681
19853
1997
70657
32083
40459
69661
35089
77509
77267
16187
40879
91081
15497
66701
70549
56893
11909
3457
89597
47513
69379
29221
83417
6029
20543
40459
11833
23603
37589
59393
18859
70289
10651
60923
48491
9521
12343
84629
49999
30841
76543
30529
99119
53597
43781
37529
30469
78889
78307
71191
22123
3931
16763
77509
33961
48821
18143
9547
59557
38609
80749
33587
37693
67213
39161
33521
94903
56911
80611
1801
39209
643
65881
6791
79
29101
34313
59209
39667
68207
31583
46187
47609
38317
5279
75883
30323
70327
58963
30187
31531
82889
50177
41047
38923
93229
57751
55201
13397
29881
64081
25933
72997
70687
86341
36583
15643
54773
48731
42409
97607
95087
16067
21191
251
8353
33547
4637
92657
61583
46511
15859
39887
40693
2939
69911
50909
78691
55823
48473
85513
65167
69827
373
12589
70237
71479
2819
60271
78643
52363
64613
90847
61379
76333
8861
37003
63197
70997
42859
45427
15473
90787
55511
97987
59119
35603
10211
77573
5981
71413
32497
45833
20341
1907
25523
11317
38803
1193
69431
82723
20599
21839
12241
4639
72337
43717
86837
53101
45763
79241
30757
71341
49207
84431
5051
22573
9467
45677
61627
26573
31051
80141
94889
35279
14341
24799
19001
21107
52747
32233
59243
43117
40169
32749
76369
84751
5653
52837
55439
51031
63587
71789
64609
43759
93257
85009
61223
88817
12511
69401
66463
33811
86501
8933
90401
761
89759
52859
17489
34231
65651
4967
82847
42073
21803
41341
9679
53233
13037
84673
26881
85361
55807
92867
2657
74413
86389
51817
7841
37171
90703
23201
35353
23539
47221
16573
32353
883
66301
63617
23687
86561
96787
31039
51203
22859
83101
73583
56599
83639
33811
79349
96661
77899
13297
14759
94307
50291
39839
96671
91139
93923
88493
52627
48049
7507
92107
64433
59999
84349
46573
28183
31981
35753
74311
92627
45259
62233
11777
2837
30367
37649
54217
6359
71807
55457
70199
23189
14699
4441
17107
55609
5591
25309
41443
87931
30671
76231
64301
20113
76253
877
23029
37339
86927
82241
8887
2213
42929
83267
50087
12601
60623
70001
13249
69941
52433
82633
20431
32831
94949
86861
52951
67271
24799
85837
57751
55933
79633
53161
443
75989
42773
52067
84421
43607
86969
21377
84131
91997
54559
68699
52237
20707
86587
49727
90401
26153
82699
90793
39313
15149
89653
46679
48473
69193
24181
27733
57781
13007
39439
29429
77479
32789
55051
87973
99881
63331
33161
46643
61099
91033
85711
2659
33613
48193
26711
48611
23417
71129
70019
61469
84457
90823
92177
17839
82903
61547
50497
1171
55849
12967
71899
14519
57737
96749
23879
73327
49391
94907
76943
99581
26249
10559
90053
65563
78539
64633
63781
60647
42589
83561
67219
56249
63097
24097
27017
49123
61667
59467
93493
60013
37607
98801
83207
68819
50051
70201
23071
53939
21341
16763
48413
26759
11831
69263
46279
73561
88397
2017
58403
21739
73681
15877
28573
88867
859
39161
64399
52457
11057
37511
7307
46723
96157
97571
85523
63691
49843
78623
90353
25693
73547
43177
67927
59209
9463
27299
58171
19889
27067
76649
24443
90833
79601
61493
24109
62131
44221
65071
56369
64189
30097
24533
73
38603
20639
39841
23593
47777
87407
95087
57203
30971
15809
33113
8731
67927
1583
6089
36209
15427
82231
85259
26153
44017
77377
18553
36697
27407
74959
67757
11261
26357
44221
76831
30119
65497
13451
53401
93001
60337
69389
61057
42709
17321
12589
63031
39133
32359
71549
83857
73433
75821
99733
70999
33391
31249
71707
20441
67271
67453
4967
17539
3881
63421
11717
2671
3433
28547
39551
26171
95971
78857
11
62633
70571
80701
51383
52769
80713
80681
17581
73583
43969
28949
59443
50789
66137
53861
21001
58451
95443
57347
5843
21139
67043
70379
59723
42131
87623
27767
95701
75389
59561
87541
68771
13183
32843
94033
23209
39521
1201
22283
99469
21557
5927
28723
23279
70183
33937
43117
28163
71209
7759
32771
27743
76679
32917
85081
55817
69151
99761
4943
95327
63743
63313
87959
94789
66347
93113
89989
76253
84059
41659
12917
46307
30323
2377
45433
38231
15193
58477
40609
54167
75709
54667
1447
19141
24439
18617
66301
84631
35083
31147
71879
63211
95747
457
6491
57601
16729
96587
773
13711
66457
21803
66383
3011
72901
38317
85829
73019
81023
19429
15319
863
53717
76949
78157
38861
92921
21383
22717
81689
10369
26497
62483
64853
10177
85999
65287
70439
76829
27337
39709
11633
2339
15199
47303
6823
59407
74021
86257
11131
69313
81769
92083
87317
71167
86291
37799
13903
32573
27107
3833
25603
607
1093
8311
99989
24391
69959
68111
39667
89597
96331
1381
23977
98927
34843
48611
78121
84991
17749
78347
70843
63073
82471
68207
19073
33083
5059
88301
79801
55009
12049
57571
10289
24071
11
75041
62683
92353
26387
55229
59107
55061
92399
67187
74687
28183
14929
32843
6343
56821
47653
91573
83023
12893
20717
8689
38183
80263
79043
69857
977
68489
66947
42433
71039
3769
66293
25943
56237
60601
27691
10301
95311
90073
16903
25583
95009
27527
94351
8429
54581
22369
90523
58013
11117
42533
89123
42169
14293
62983
95539
20161
59419
7717
63907
64151
21493
16421
75347
83969
6343
51263
61909
60779
89527
3697
86083
11119
57847
8807
8741
84179
74489
1129
42073
35059
90217
64679
23593
21157
60029
75743
19583
37799
93949
55673
37357
70351
86929
72763
15139
58889
7727
71899
51907
98507
88321
61211
73609
67537
2273
48661
59197
94121
94693
70067
35107
23159
70439
78941
75337
55001
74567
11491
92227
41959
66107
55117
85577
31873
93169
1847
83597
17159
80449
78889
20873
20857
55691
76753
44699
30529
15629
22157
15973
90469
70769
55249
54949
2699
4943
1789
48023
43543
3391
313
79151
37799
38903
75161
54973
82507
64613
50387
991
25073
95479
77573
4099
98041
47903
12143
191
45751
80963
17749
76441
39397
36791
48817
10883
91631
56453
77813
98663
35051
56377
90011
27539
1543
75389
3307
21401
9619
82139
86959
53069
81281
5743
58787
46771
55009
59981
33749
78179
32933
84589
71119
587
60013
95891
57649
90401
20347
19979
62303
65881
94079
57793
2659
379
11257
71933
41651
34327
7927
28909
34469
36433
84401
5333
84199
7589
44017
8669
43613
76697
47381
42569
84523
11527
43987
40867
23417
87121
21587
73
33487
56857
25801
80287
10663
99131
34603
89153
18127
40849
34897
10399
30059
10459
9349
96847
64997
15391
25889
33149
55061
30367
99689
24133
64709
90659
29101
57809
5623
62501
26153
42397
77447
86753
70003
14653
95783
8501
21977
10271
44983
6883
2029
17903
13907
87041
49081
14159
2287
18869
55823
32987
42979
39209
64157
69931
77773
33647
7951
23813
61673
15767
61099
8221
82361
87121
19183
3989
98419
29027
35149
29389
39901
12841
11953
67709
97579
54331
95021
82139
83137
1453
39581
57947
47591
77047
45403
47563
78781
5233
30253
30707
8803
78553
39671
74201
21191
42487
35617
99961
20177
12589
78229
69341
14843
73709
72859
21839
39317
73013
53189
56003
47581
14503
16361
30271
84239
30829
93893
54419
84691
28703
6983
16619
63131
33083
13681
90353
61417
47609
30269
9851
91373
92639
44777
73867
87547
76259
78241
84407
5657
14153
3221
37991
47279
41927
39079
41957
32717
15413
3593
93263
79087
52627
4093
26951
9187
98257
4547
39409
41177
84389
2539
91513
86929
29641
94559
87071
22963
68711
9221
8563
84653
33091
90659
26863
39887
57119
21839
79691
17783
71597
63397
4271
59611
84913
18979
78787
93131
54049
35771
31039
88379
33493
60103
53281
53831
36269
62207
66463
64301
11981
42433
83047
36307
431
35677
40543
32603
64271
86477
65921
36559
9511
71059
64171
18289
80107
21067
75731
76871
36709
4691
12497
82591
49613
90887
2099
1283
96167
22567
55511
56041
90067
33679
19949
45631
47087
81937
57191
76597
12401
38803
60637
76283
55249
12377
6269
50767
30941
88667
97613
1361
67217
8641
4231
6703
74929
56687
59011
49939
70783
96263
70487
58013
91781
77479
52691
89597
78919
223
54787
31517
87589
49727
73571
26777
35251
46507
16453
82507
82721
77447
57413
17783
82339
96323
40771
24659
26111
10079
56813
79549
67741
67733
53681
87877
40013
8747
58379
52289
44683
3637
90017
839
17669
64951
32059
34231
78017
34961
58603
91151
6343
31963
67891
92567
45191
3659
82307
26209
89671
43403
52201
4397
57269
31907
90121
59443
9619
17099
30091
7187
71807
63577
66457
61
53609
90191
29959
57529
33589
24677
29401
96221
463
227
57731
66337
90371
8849
46147
51521
38609
19427
5737
92107
19139
44053
53173
36739
29251
66643
39679
80567
87383
92243
35951
21577
29959
17957
65213
87721
78853
21751
68903
94961
21227
52861
41231
21017
93103
52583
85133
33739
94529
311
57839
58309
18127
62143
31817
22147
53693
14009
50093
5471
34469
7127
52387
51109
65677
27061
85703
16649
41911
5839
75913
65729
49681
98867
81199
51001
90017
87103
90583
10889
42641
24061
67103
77747
76463
34381
99439
92083
26437
75781
6863
12203
64081
87959
31793
91151
77611
70141
33587
5179
93629
81203
27283
56531
49559
33287
50549
5573
10099
76679
33521
53551
54851
11351
41143
66653
15259
2423
39841
13613
30139
2207
62939
25799
45427
1217
26177
31469
32717
12479
9161
99497
68611
71663
61879
89561
64969
52163
51893
2377
60757
88811
62483
25163
32801
52051
71663
47237
38803
43633
55817
57259
11827
16889
46511
12979
2953
79039
45557
24413
44893
84319
75353
39373
61099
65827
59567
88237
53993
6197
62459
30661
1601
3907
92669
58711
30529
78797
95429
4969
18371
96329
773
67607
72547
76129
93581
21821
63097
14479
87179
96179
63727
14051
32251
7027
96497
18131
31151
55547
31231
76561
10499
61603
72223
6691
14831
84121
28661
4691
1709
103
26597
9839
18461
34961
41117
37337
30859
60337
34487
57251
68993
82051
99469
33083
46619
14503
81031
76303
98269
58109
99109
4567
62189
68729
39509
70309
4339
37003
27277
82813
80677
58337
47309
42773
3761
77417
15121
21727
7867
55103
32957
13841
3191
23603
27091
60647
83401
98017
47431
84523
53731
74209
19507
62597
79757
73121
94309
38167
16253
66359
63079
67651
10753
57367
74507
12437
39607
19543
28793
39373
41597
3271
9227
52567
373
81031
26723
55333
94993
50723
40879
12917
67339
57173
69011
76367
9319
72221
1303
74623
57059
66403
26893
3109
5897
65543
65053
9127
9967
84719
31237
27823
49993
5483
38261
29947
53593
66499
16879
25229
65687
36269
743
8821
9679
23537
64871
12107
18119
2237
42937
8971
77479
31769
59167
94583
81457
84247
59999
61379
6691
24061
21773
80911
65731
7757
13523
6547
90527
15683
44531
11353
68281
7793
36809
39397
32801
83431
83477
46633
92369
79873
91397
13217
1933
58693
92353
61609
48371
15199
4871
82507
20249
27259
13859
4649
65543
29947
38867
10487
5477
59333
84827
92581
151
53441
21491
19387
56543
44851
1409
22573
5897
98207
45691
17539
23663
80917
1579
33403
74597
75793
16193
28751
73547
39293
66697
34327
72167
24847
18131
2659
10331
33181
37493
1823
2693
65519
20921
78311
60773
76537
59149
86461
2467
83233
8101
50051
76781
95189
78691
32783
95987
4799
47087
6679
2917
62597
66973
93523
55313
63977
56827
17041
42929
86381
18041
95239
74323
7537
479
84751
32363
41351
2411
26713
20509
11839
953
41519
647
54721
36643
85817
5851
90407
11399
16607
59797
7151
7523
91253
80677
86689
46279
27431
8087
11161
25111
72953
26249
77687
8179
36677
18671
53783
51361
48157
93329
97381
50047
37489
4273
65701
41131
68659
20983
7793
90403
28183
58309
12101
97159
32987
59183
41357
82493
49801
2971
79309
38197
49891
92707
59263
26627
2879
35281
95083
11717
6803
17911
99871
31723
72859
87671
78301
19597
32653
4051
397
79367
9461
92221
42467
47701
21149
1667
11177
41183
2579
41851
71129
50923
57347
87041
26501
34261
29209
9227
22571
56857
22079
40493
95717
69149
86929
26183
3253
87257
28201
60337
54767
30727
4283
96157
18089
20369
73523
87641
93169
99349
28309
83621
89939
31267
94777
97651
7703
58687
59887
95801
26249
26813
71593
20233
42487
88903
1447
27901
55829
86111
84737
19697
4253
81637
14323
44683
81953
28927
73181
28541
23981
40427
20929
36013
52067
83557
9461
39239
7307
16547
42509
25703
92861
88411
63073
15461
65581
74471
41519
3049
13397
93559
71059
15287
3191
9859
47947
88663
93131
34031
11909
11981
27961
12713
30829
85087
35419
5437
54517
91369
42257
727
79229
73727
59729
1117
6691
36373
19183
31543
2851
87443
72673
38321
46457
31277
51431
81371
14143
60209
4363
50891
23167
21893
3823
45821
95957
49603
40193
88969
85381
491
10271
54539
59581
74143
61613
98369
68687
12197
98963
26713
58477
24049
64591
6701
44249
18127
23561
71711
25577
85427
57059
32831
47917
42797
83417
6491
85259
10247
39181
47501
93427
25717
73361
14177
41801
541
56951
26833
59243
81421
79087
12721
67421
91309
1367
2789
23629
3209
47843
44273
49369
98017
16603
59243
48313
67807
77773
27749
75989
47431
23291
6113
87071
77863
9833
24121
35969
99829
45757
24373
51637
19687
33773
40177
14767
48091
839
95267
63149
98429
2399
27481
53407
29327
33623
53657
28949
44179
33247
66109
40277
36787
44449
19739
51421
82633
74131
33623
23201
1483
24677
49789
33403
90371
75407
27361
58943
26701
65519
9547
75743
2797
19373
269
82351
93103
69497
58391
69499
31189
33581
85081
87911
82007
31543
94559
84787
68713
2029
47363
51839
53927
69653
6553
48539
75217
94603
84589
27437
12983
6791
33013
3037
20347
40357
88607
2287
67219
96697
5849
59447
69263
20771
6257
54541
72797
50087
197
21701
5273
83431
14081
47741
1361
15971
63949
84061
31237
96001
88747
42743
9001
56809
65537
51673
20963
46099
86311
90617
65101
26681
9811
58049
61723
56921
58831
91951
44021
9479
65269
81737
26513
23599
17053
61417
49451
29311
53233
84629
45971
4201
5669
34211
86117
36671
35869
68669
88741
18773
39209
56809
76913
69031
25819
2797
28351
60727
12149
16787
99881
63719
79159
15241
88643
78583
3079
98809
37643
8887
78781
35923
1997
69709
26371
94811
31907
47629
66089
82549
63689
40583
3727
85297
87473
8647
44531
82903
59351
40577
61091
37529
29123
40289
33599
13907
47981
50461
21851
81307
54101
84697
11699
93811
10139
64763
70271
8681
43651
75617
13577
93133
46411
58511
9391
33827
31063
6473
9539
60539
1213
26111
88411
5591
49477
54517
40111
19603
77417
86137
98123
15107
82559
27901
12263
77237
14387
98947
13151
69929
65983
58733
83423
63629
89
45503
95621
73699
31607
34157
36433
95383
13147
24007
9829
52121
41039
30319
10567
80789
50131
76207
95717
12653
44281
92237
26227
79411
18797
59779
78977
89213
68521
75353
43051
40699
52489
13037
99719
16699
8831
9479
96587
89653
5531
86423
50849
83311
13469
10313
46381
47917
15361
83641
16631
37991
22691
42187
39293
33113
38711
4397
74857
56629
97843
82699
38639
80347
79423
89867
11117
24499
94057
21701
33353
51973
96457
60953
80701
89417
23537
45751
32503
86083
29683
25237
84199
85817
51511
45707
34171
91493
38933
93701
23563
51347
24049
19417
32353
37159
96667
75223
36467
92143
73571
87697
1301
64793
89371
99083
24767
55331
54371
71549
65633
96667
29101
18287
27799
71597
7433
46601
83117
1741
98491
71081
70981
18251
22699
26783
60821
50539
37253
13331
86923
94819
94823
83873
64627
82619
88997
82141
5857
99529
16937
20051
89899
56527
59441
67187
40433
34057
67619
88897
2707
72221
35081
28579
9733
22739
37489
30661
6529
52957
66683
12899
37309
3917
82507
55021
87587
55819
61463
46589
13063
32359
42467
37951
44623
94573
85931
1733
30271
83761
38737
3083
45343
7079
94291
86249
91079
99469
22159
42157
71
16451
7757
98993
23981
15329
88169
49043
91529
48179
33967
9181
47911
2687
13709
15919
94169
2141
96079
25583
75323
55381
8161
77339
23173
58109
70999
66571
65713
92507
60223
90379
89237
23677
37799
77983
32323
14197
1549
88861
95803
19423
76631
98411
3037
51479
41143
79279
62201
22093
17389
59281
43609
92333
63247
79843
37087
60937
62039
28097
61141
28867
80449
64601
55711
4513
15859
53231
32941
49307
8707
4049
36749
79319
46703
66377
69491
30893
74509
41879
3407
75709
98867
8537
28477
1109
62137
88789
90437
5813
7829
34667
45197
98123
95789
13177
7103
24029
33347
79319
48533
35089
76207
44887
90203
66359
55927
36209
82237
84589
84247
56207
6661
15299
24439
21713
70457
45137
89767
20929
57193
59281
17737
47297
47059
12043
86029
3881
31193
56009
54581
95261
74161
85331
4639
59377
65309
13903
38501
56431
23371
77047
81761
53759
45659
52057
70183
84067
16231
3607
31991
89189
51673
33479
55249
71287
13633
47507
30187
52259
73529
277
23417
84299
75611
22573
6113
48539
52567
30757
50377
34877
97039
69857
46219
31573
2063
6089
1319
76003
25903
22669
52783
24809
34439
73783
64451
64817
53897
57713
82507
31663
73583
2699
31387
7129
13313
28559
81119
74093
64633
81533
38569
45139
87509
26153
43481
60527
19081
72733
66499
40433
11923
68909
18451
57107
44449
30677
53927
79697
21491
19483
33547
91243
32803
8627
70823
21871
87973
23297
90313
33647
67891
42899
13003
21481
51001
72271
89237
30013
34849
55663
27883
30757
57107
17509
43759
26951
40427
36109
36073
49937
82301
4201
57047
26141
17107
92899
64879
86399
90527
71387
75029
37021
50951
32713
16931
16223
241
14947
15073
71849
46523
2129
60661
23549
91163
45833
84521
5927
14173
83891
22783
91453
65027
50263
95089
15383
94823
70181
77899
51427
98621
54517
53299
82571
17669
18979
40499
98389
95737
98467
68351
883
54499
77093
12713
17483
66629
35951
62071
1277
46993
17093
39953
20773
73237
10151
23743
13757
5099
50891
15289
92227
91691
53003
51263
79843
4903
54973
81401
42773
84299
45631
68903
26951
27179
41947
55609
11719
56311
42533
26627
37951
6287
25237
71473
4513
79813
18149
31567
39019
96893
77743
80263
58913
80963
28477
63773
66697
13711
64499
577
14897
43711
97259
9883
29021
22063
66343
91811
34159
77731
23623
15661
1583
38629
51913
24379
66763
11411
92927
35863
28057
17783
74297
64621
76253
76597
67901
54559
17923
89779
35171
86171
2393
72613
5779
20177
28687
29761
40897
35437
6709
90481
93911
8599
83911
1907
99679
76099
97931
21317
92317
4457
35879
59473
82003
66701
94207
83047
87253
61553
12161
69247
70207
8293
6703
5471
44963
49103
69439
48751
99713
1667
491
43013
1373
29123
63211
89797
44623
2707
5381
16901
67589
20477
50077
35153
82567
17191
92627
75403
4523
60779
98443
57047
9833
74317
4517
26681
7541
31387
57773
36697
93701
61283
44453
56171
48073
29399
96997
56393
19997
41179
75389
31267
29723
28307
98641
45677
85109
25799
99667
60133
34019
13709
48179
66523
89303
26683
76103
62989
17299
12893
80863
47279
3221
10949
87767
10079
80251
239
50227
71761
33287
99581
16433
43607
55073
61757
53629
27337
60631
82231
88643
19219
5407
17789
15149
45757
13711
76159
92623
54577
80809
45197
74441
2213
1051
77249
86239
85853
46691
67993
74527
25087
78853
28627
37643
25589
13711
89017
4483
20023
57641
15227
69193
95461
53597
33487
91253
37223
49633
37657
41381
52903
55127
35923
13693
19739
37277
23081
65581
96697
16001
12791
93103
86461
56629
64567
2543
29209
29
5527
8761
25307
15241
57047
85691
10883
97931
10859
10457
26849
78857
60077
54601
61519
53017
90971
4817
56807
33199
9157
36209
89627
63809
31259
50273
521
47659
94121
7207
29879
7013
13691
14437
2791
269
81233
26347
5711
19571
74959
6803
79811
70223
1291
2713
68567
36269
17837
56171
67073
91199
20947
68821
79631
2069
32789
15101
60443
14057
73823
46853
13331
63247
67883
46061
79273
33119
8297
92867
42787
68891
6271
37363
79943
33829
29851
65687
88811
82483
149
41233
24359
44683
22079
10663
56477
89917
56821
17053
89021
80917
15091
60761
3391
2837
16381
76369
35201
56591
24943
12073
40427
37663
20639
29881
64109
20899
7507
79873
12149
26539
18517
44797
78889
13033
42073
9349
18959
239
15527
90011
35221
5939
16843
67003
40637
5741
56467
82721
66751
3449
80473
57847
84457
54917
74713
13681
90911
90619
82457
66529
99017
20593
60167
23873
5783
7489
53897
44741
89759
81017
34919
42181
42533
37633
23549
71941
33409
28871
83417
3391
15319
4517
65053
74143
73529
57571
82267
14717
57787
75913
733
71933
77591
61553
43457
3371
65479
89653
42409
76289
98443
86939
43189
39503
35729
92143
11971
10859
75983
6269
12967
59243
2719
26683
131
64187
59351
15377
59051
9623
8839
98639
11069
77621
36011
22133
87691
88177
15451
98867
60773
61331
20789
63299
49787
27947
31627
1093
81547
63277
60383
22877
25741
82633
17659
24203
26393
26251
18313
15173
80833
35837
31643
28813
56383
56779
66403
93889
26987
877
20873
179
93889
67219
55547
78007
13367
88337
87107
94343
52627
43399
56983
78877
81619
79901
64153
65957
28463
65657
16319
89759
98299
77383
81131
86389
74167
84053
27673
32719
33911
43117
80051
48259
55249
82651
30839
8641
77003
23753
11483
33359
66191
719
93901
19717
3191
77573
92893
30671
65027
20753
67033
33461
64747
17519
64879
83177
78233
11027
11329
8419
37853
26203
331
11149
29989
72481
65981
38431
17749
5737
83117
2591
74653
17707
41389
81899
20959
74071
35591
5807
43291
70913
99133
69473
23767
38119
46499
52963
68711
21599
3889
64919
89387
63179
59183
53239
65543
80207
16831
45233
40087
74167
93827
88903
67607
36013
1879
62731
56009
92789
63773
86501
21467
54421
24989
82813
92867
47353
74509
36821
37357
13681
70997
97609
70429
8219
2243
33461
70879
63689
30091
10399
167
12809
87443
77239
92557
11027
4229
45677
37537
59627
27031
14489
81199
64633
88993
67777
20399
62467
24181
57719
75181
43399
3517
72503
51157
15287
93083
67829
13159
24527
79997
11131
49531
46229
75611
24851
66701
34781
67751
4603
27791
1277
97367
48239
20963
33739
30427
46381
21101
16567
84263
59581
42017
81931
79241
10313
50971
58543
49529
56237
10453
7499
57751
77141
90533
89363
33589
2459
36161
77261
15493
21521
45197
77359
69997
69467
30649
7207
22129
26237
5651
9461
55897
49429
64489
26591
41341
69491
16829
45293
83791
62591
90619
87037
26993
37907
71807
13147
87811
35153
7907
24527
4349
37643
85577
56993
95989
93967
49123
99829
15749
46337
38561
1753
47521
23593
78737
81173
4493
20129
24239
29717
83639
4463
85531
40583
25253
63709
32429
86753
72953
95479
7829
26947
7489
47297
80173
953
11497
21893
77977
66947
38149
77681
52813
5119
7547
50833
829
55787
45893
13457
70793
5003
54371
15313
74411
76261
24077
72467
56543
90031
3
97301
78487
33083
88951
59617
28729
10271
35251
49297
16477
20983
1913
12613
53731
42841
39503
80329
35951
24029
83267
80629
41627
43951
40039
22543
47977
90271
93763
30557
39419
77681
2393
21193
78173
38119
67493
14519
229
42131
28663
22639
78929
1039
23663
9973
20261
79997
7877
21757
97967
87881
93479
90803
71933
27481
39359
61343
1627
76249
49627
28097
859
55051
59119
60017
26437
76871
23173
33461
39733
71741
97883
85889
73583
75013
82559
24593
7823
63799
76733
58231
58171
48541
87107
75353
73999
87751
92467
24551
85087
63793
12409
82217
71933
92489
5779
90053
12323
55541
40237
56929
95617
64997
54437
67777
38299
16657
65557
94111
56531
81749
191
76283
27179
79231
87103
31847
92189
68389
21323
97579
22343
13883
36653
36343
27893
63703
17597
90407
10211
45613
26309
45707
10903
52057
56249
76507
17669
93281
12413
64667
57143
34439
4637
65599
58601
13723
13477
58057
25127
829
78823
37441
20639
18451
74411
80407
73849
76147
2131
59669
15643
56207
38273
57991
29633
6863
4733
21523
94079
2579
90803
50497
92399
49559
99017
96137
72949
47353
43093
3089
18169
96739
94687
87977
95737
72469
81401
74561
77747
66047
21557
15359
28751
20327
95911
45953
68909
42071
10357
91121
18089
90407
59351
73883
6073
82351
14533
37573
85193
55579
46601
50227
77867
39869
11633
84653
97501
67579
87719
23593
50123
11953
61861
21247
8689
15413
45329
31081
3631
99497
37517
52081
44189
87041
12437
1907
28661
27749
43711
31513
66499
96461
21313
64033
16103
51439
62297
13163
77323
15887
63059
52201
7013
93701
9137
29297
42701
32299
29573
84737
84947
94063
28807
78919
41953
38201
72161
60331
51239
59149
90703
52937
96763
33739
60757
75787
85837
35671
65587
87887
61667
89459
47819
50287
67157
68437
3527
98897
99611
46747
80803
10709
93287
98387
42829
54083
19609
59077
6689
50377
63533
9733
76283
9277
25981
74827
72269
40231
22613
78193
61991
83833
72091
59263
91151
50359
46301
56041
76913
96827
2423
60017
15583
25717
38371
93809
1933
76561
91957
44351
42929
3347
823
72253
70573
88883
97787
54577
58099
8461
38653
65309
23929
701
9767
92269
59669
96643
79987
5711
56453
31391
52177
33581
52813
85619
8641
8101
31729
79601
77419
35839
54367
75377
30269
62191
30539
59999
61757
2711
11909
6907
64969
36793
5639
63977
34913
48799
50359
19709
64013
53279
84967
57283
65713
94693
78007
97511
44383
30559
62683
22259
64577
81373
7433
34687
4651
52291
71999
33403
92669
22861
6637
42853
1801
17471
15451
11197
98377
75329
88423
10789
31771
293
75991
13829
57221
66089
61291
94543
61333
71389
83701
99563
82471
43051
53693
82699
773
30341
27043
91457
89891
16759
65413
47857
6197
99667
25667
35801
53299
48647
337
97453
66271
40543
47699
41333
45821
21211
48437
39367
48437
19739
27409
14479
15859
59957
24527
52301
5393
2237
17047
99817
41479
19079
23581
69847
32957
90187
7079
60727
61813
89123
58129
82651
79181
92921
67247
76261
35839
37097
12097
53089
9091
42611
66347
34939
43721
83243
1987
53899
35569
1549
93113
75391
91807
75767
65983
40241
50503
10853
85363
44249
74759
18671
3793
96353
12421
28879
43781
42509
8171
8623
72661
58549
44879
74699
18127
8923
63907
35311
46889
40193
8117
45659
1663
23081
38237
55051
5573
30689
48239
17851
5743
48073
19867
16741
26777
10883
91577
70139
95131
1303
20327
67943
36217
96293
22093
67757
82339
26759
48479
55807
90697
65257
38917
3947
20443
78649
3271
78467
54287
22699
13183
15991
49957
29009
87277
4093
32693
61643
38677
32573
48383
13469
46853
61357
15031
20173
37951
7109
36563
22511
49477
51001
29879
26717
71483
89923
70117
82811
8563
14461
25577
13681
3083
8053
20983
12097
12917
89917
21767
75611
99719
78697
34913
74719
16319
26927
3947
11483
91127
4019
2707
49009
81421
18553
6173
9109
15101
60397
1889
1879
42487
28663
38707
87631
72077
81619
6151
4967
3389
42743
24091
67339
15401
35363
23899
94849
63527
84761
49697
33391
2
65993
43321
49937
86413
9029
98453
50989
18743
95231
53279
93703
92927
66601
25447
71473
44201
11087
42307
30509
773
30829
43573
27509
30187
65323
92753
32353
12277
48091
2939
8147
48197
28211
53089
86729
20959
69779
29443
97967
76303
83257
78121
6067
4877
54559
56009
9041
9377
20047
91733
32843
33211
49927
51503
56827
59467
98453
11497
17471
67453
88811
86677
96223
89317
26171
65993
1699
79393
55609
9629
92993
45557
63313
62417
25121
14503
1171
24977
59
16493
55889
9293
6133
12323
24133
68917
65617
32983
93497
89767
5821
40787
70583
73351
95143
99137
90053
7841
60887
47521
4231
84349
19381
49033
10159
82039
17989
98927
80657
65729
87721
84629
51131
29437
7717
10427
30757
6277
13411
65831
59351
59359
38651
81203
78203
1531
6763
56659
76099
34757
86243
65419
38729
92233
68743
3089
45233
13681
32257
42767
34757
6967
83117
19927
4129
58787
89657
32941
25373
60601
70141
62017
64601
2617
4159
66523
79087
75269
65579
6991
21787
84913
41011
21751
95527
1973
99733
56081
57601
311
40813
40031
41023
36313
59651
86573
81071
93637
20173
45523
80209
35897
13219
19001
18869
63629
47933
71993
30937
17189
78101
281
8389
76519
59669
61687
92041
54617
16481
57389
30707
17053
99103
72649
52201
51503
92119
42433
79147
65809
40879
67021
56207
19213
85103
93001
22283
4691
84919
68521
12511
61667
94723
56101
39979
90679
33769
75767
31237
15679
26981
4993
2579
70429
79967
45533
4261
46273
3907
75367
15329
45061
11677
98897
54001
17491
8039
61949
99527
6571
98011
45691
91411
24631
69691
54541
91097
21017
67187
72469
7321
67733
68261
9521
36899
87443
49943
4789
93083
457
5821
84697
15731
83077
26513
80627
95021
39667
92489
95791
51893
10513
54713
51659
99839
90247
98407
17189
64019
31771
24373
52379
41051
15349
88741
92383
18797
63067
91969
56531
98009
38039
82787
61547
31063
84263
56821
95083
12503
24923
78857
16267
97081
94651
14813
16111
21493
85601
26861
84017
13421
44123
35923
5987
63067
38459
31567
71713
99577
65407
65981
99707
12329
99721
88499
53897
52457
8863
7481
42101
85027
38351
59509
28771
15679
33521
15461
12161
45587
47659
60091
89599
58603
19391
18181
82469
19603
93089
89069
2689
73609
31019
91423
93553
83591
94841
2089
79669
20857
37057
27751
75307
23623
2269
61583
29483
91673
19973
31741
28837
2381
60679
57773
25033
57413
88301
96479
98561
5801
40423
5717
82141
82307
94903
86501
73709
35317
33773
23531
7577
17729
2549
76091
17609
17183
51461
191
16097
36277
44819
69959
7681
61981
15569
89597
73709
49697
727
12451
35897
41801
79829
11519
33529
30661
95189
98317
85781
61409
97553
47837
63853
28463
32303
90239
1831
21977
33923
77137
4783
68507
16057
26261
11981
54767
70621
33637
13033
11161
47317
20297
31741
62143
72719
41801
80963
43867
97871
90659
2
7457
19219
15077
63803
92737
22063
15227
70121
2423
98041
84239
75391
2621
28409
4517
46499
37049
73819
2803
57427
90439
24071
67057
56809
36353
22907
81343
64781
59771
92641
87223
64997
19979
523
56041
18451
29399
92551
51439
881
47407
3119
76079
44089
80863
27953
28921
60943
10723
98927
6199
1787
57373
78517
31337
69427
21499
54083
76369
51439
8747
83399
52901
22861
38167
4523
62311
68897
52147
52807
2713
283
46723
79579
81937
65011
39301
26879
13
94903
41957
84719
77569
73547
67349
22397
53987
51977
4793
70753
72421
90469
26947
69941
99733
43261
62071
54493
81727
77563
42221
54539
53773
82261
34313
47917
39877
35797
42509
38791
43633
1801
68449
84299
6709
88327
19553
63443
78059
2857
17989
8963
18191
77641
19763
54563
46819
57347
16097
62597
50539
80537
37649
31883
6389
54973
92003
42257
69439
11329
46061
62201
65581
97549
92077
18097
72901
9497
95009
41399
25583
66067
2609
74317
3739
85429
68531
68791
4139
28513
32479
99109
56473
10883
38261
10487
63397
89413
72139
28297
33329
61001
79817
7121
18433
7159
16301
19013
31391
92377
51487
7853
55633
15307
77839
11059
74719
25423
347
22027
9421
7411
31769
42667
32411
78157
44293
26321
70229
62233
27983
74101
2371
28541
10091
74717
38707
74189
54949
89119
90679
86143
58027
48157
91009
20743
94033
72467
51109
95273
13907
9439
66533
41117
51581
16417
97879
73433
27527
94439
19727
6271
9649
17203
46051
71333
6247
42451
81967
35747
17783
37549
2851
76919
47419
11257
88721
42937
70663
12379
80251
64679
42683
9391
47507
21701
6871
36833
823
73009
2083
71807
8297
69019
94613
79903
34673
54973
56179
18371
94057
6367
38707
18583
57329
35753
15649
68147
69809
31139
66403
92227
93281
61687
29131
87103
54091
80629
42509
29429
6967
197
39229
44041
31657
91193
90313
45959
91873
51461
51419
81197
42071
26783
12457
44917
3673
31033
57203
46399
62473
90437
95959
98227
19249
73571
50593
83009
88523
85643
33461
26153
12377
81937
60889
3851
97549
87421
22613
75161
92173
43177
5659
89273
78191
15173
90787
26003
56053
64283
77167
13259
53017
98773
65267
23753
68053
86939
68821
67043
3203
49807
34319
5657
20113
24083
20593
87751
4177
17891
77261
1103
25087
27239
75289
21767
64081
47743
58427
95143
30949
21559
51581
20759
96259
13.765103808359157 seconds